Delta (Iter_1) -> 
Delta (Iter_2) -> 1(18), 1(28), 1(35), 
Delta (Iter_3) -> 1(1), 1(2), 1(3), 1(4), 1(5), 1(6), 1(8), 1(10), 1(11), 1(12), 1(13), 1(14), 1(16), 1(17), 1(20), 1(21), 1(22), 1(24), 1(25), 1(27), 1(29), 1(30), 1(32), 1(33), 1(34), 1(36), 1(37), 1(40), 1(41), 1(42), 1(43), 1(44), 1(45), 1(46), 1(48), 1(49), 1(50), 1(51), 1(53), 
Delta (Iter_4) -> -1(6), -1(14), -1(21), -1(22), -1(29), -1(30), -1(36), -1(37), -1(42), -1(43), -1(44), -1(45), -1(46), -1(48), -1(49), -1(50), -1(51), -1(53), 
Delta (Iter_5) -> 1(6), 1(14), 1(21), 1(22), 1(29), 1(36), 1(37), 1(42), 1(43), 1(44), 1(45), 1(46), 1(48), 1(49), 1(50), 1(53), 
Delta (Iter_6) -> -1(4), -1(5), -1(6), -1(12), -1(13), -1(14), -1(20), -1(21), -1(22), -1(27), -1(28), -1(29), -1(32), -1(33), -1(34), -1(35), -1(36), -1(37), -1(40), -1(41), -1(42), -1(43), -1(44), -1(45), -1(46), -1(48), -1(49), -1(50), -1(53), 
Delta (Iter_7) -> -1(1), -1(2), -1(3), -1(8), -1(10), -1(11), -1(16), -1(17), -1(18), -1(19), -1(24), -1(25), -1(26), 
Delta (Iter_8) -> 1(19), 1(26), 
Delta (Iter_9) -> -1(19), -1(26), -1(29), -1(43), 
Delta (Iter_10) -> 1(29), 1(43), 
Delta (Iter_11) -> 1(19), 1(26), 
Delta (Iter_12) -> -1(19), -1(26), 
Delta (Iter_13) -> 1(1), 1(2), 1(3), 1(4), 1(5), 1(8), 1(10), 1(11), 1(12), 1(13), 1(16), 1(17), 1(18), 1(19), 1(20), 1(24), 1(25), 1(26), 1(27), 1(28), 1(32), 1(33), 1(34), 1(35), 1(40), 1(41), 
Delta (Iter_14) -> 1(6), 1(7), 1(14), 1(15), 1(19), 1(21), 1(22), 1(23), 1(26), 1(29), 1(30), 1(31), 1(36), 1(37), 1(38), 1(42), 1(43), 1(44), 1(45), 1(46), 1(48), 1(49), 1(50), 1(51), 1(52), 1(53), 1(54), 1(56), 1(57), 1(58), 1(59), 
Delta (Iter_15) -> -1(1), -1(2), -1(3), -1(4), -1(5), -1(6), -1(7), -1(8), -1(10), -1(11), -1(12), -1(13), -1(14), -1(15), -1(16), -1(17), -1(18), -1(19), -1(20), -1(21), -1(22), -1(23), -1(24), -1(25), -1(26), -1(27), -1(28), -1(29), -1(30), -1(31), -1(32), -1(33), -1(34), -1(35), -1(36), -1(37), -1(38), -1(40), -1(41), -1(42), -1(43), -1(44), -1(45), -1(46), -1(48), -1(49), -1(50), -1(51), -1(52), -1(53), -1(54), -1(56), -1(57), -1(58), -1(59), 
Delta (Iter_16) -> 1(28), 1(35), 
Delta (Iter_17) -> 1(1), 1(2), 1(3), 1(4), 1(5), 1(6), 1(8), 1(9), 1(10), 1(11), 1(12), 1(13), 1(14), 1(16), 1(17), 1(18), 1(19), 1(20), 1(21), 1(22), 1(24), 1(25), 1(26), 1(27), 1(29), 1(30), 1(32), 1(33), 1(34), 1(36), 1(37), 1(40), 1(41), 1(42), 1(43), 1(44), 1(45), 1(46), 1(48), 1(49), 1(50), 1(51), 1(53), 
Delta (Iter_18) -> -1(1), -1(2), -1(3), -1(4), -1(5), -1(6), -1(8), -1(9), -1(10), -1(11), -1(12), -1(13), -1(14), -1(16), -1(17), -1(18), -1(19), -1(20), -1(21), -1(22), -1(24), -1(25), -1(26), -1(27), -1(29), -1(30), -1(32), -1(33), -1(34), -1(36), -1(37), -1(40), -1(41), -1(42), -1(43), -1(44), -1(45), -1(46), -1(48), -1(49), -1(50), -1(51), -1(53), 
Delta (Iter_19) -> -1(28), -1(35), 
Delta (Iter_20) -> 
Delta (Iter_21) -> 1(28), 1(35), 1(37), 1(44), 1(46), 1(53), 
Delta (Iter_22) -> 
Delta (Iter_23) -> 1(1), 1(2), 1(3), 1(4), 1(8), 1(10), 1(11), 1(12), 1(16), 1(17), 1(18), 1(19), 1(20), 1(24), 1(25), 1(26), 1(27), 1(32), 1(33), 1(34), -1(37), -1(44), -1(46), -1(53), 
Delta (Iter_24) -> -1(4), -1(12), -1(19), -1(20), -1(26), -1(27), -1(32), -1(33), -1(34), 1(37), 1(44), 1(46), 1(53), 
Delta (Iter_25) -> 1(4), 1(12), 1(19), 1(20), 1(26), 1(27), 1(32), 1(33), 1(34), 
Delta (Iter_26) -> -1(1), -1(2), -1(3), 1(5), 1(6), -1(8), -1(10), -1(11), 1(13), 1(14), -1(16), -1(17), -1(19), 1(21), 1(22), -1(24), -1(25), -1(26), 1(29), 1(36), 1(40), 1(41), 1(42), 1(43), 1(45), 1(48), 1(49), 1(50), 
Delta (Iter_27) -> -1(4), 1(7), -1(12), 1(15), -1(18), -1(20), 1(23), -1(27), -1(29), 1(30), 1(31), -1(32), -1(33), -1(34), 1(38), -1(43), 1(51), 1(52), 1(54), 1(56), 1(57), 1(58), 1(59), 
Delta (Iter_28) -> -1(5), -1(6), -1(7), -1(13), -1(14), -1(15), -1(21), -1(22), -1(23), -1(30), -1(31), -1(36), -1(38), -1(40), -1(41), -1(42), -1(45), -1(48), -1(49), -1(50), -1(51), -1(52), -1(54), -1(56), -1(57), -1(58), -1(59), 
Delta (Iter_29) -> 1(1), 1(2), 1(3), 1(4), 1(5), 1(6), 1(8), 1(10), 1(11), 1(12), 1(13), 1(14), 1(16), 1(17), 1(18), 1(19), 1(20), 1(21), 1(22), 1(24), 1(25), 1(26), 1(27), 1(28), 1(29), 1(30), 1(32), 1(33), 1(34), 1(35), 1(36), 1(40), 1(41), 1(42), 1(43), 1(45), 1(48), 1(49), 1(50), 1(51), 
Delta (Iter_30) -> -1(1), -1(2), -1(3), -1(4), -1(5), -1(6), -1(8), -1(10), -1(11), -1(12), -1(13), -1(14), -1(16), -1(17), -1(18), -1(19), -1(20), -1(21), -1(22), -1(24), -1(25), -1(26), -1(27), -1(28), -1(29), -1(30), -1(32), -1(33), -1(34), -1(35), -1(36), -1(37), -1(40), -1(41), -1(42), -1(43), -1(44), -1(45), -1(48), -1(49), -1(50), -1(51), 
Delta (Iter_31) -> -1(46), -1(53), 
Delta (Iter_32) -> 1(1), 1(2), 1(8), 1(9), 1(10), 1(16), 1(17), 1(18), 
Delta (Iter_33) -> 1(3), -1(9), 1(11), 1(24), 1(25), -1(28), -1(35), 
Delta (Iter_34) -> -1(1), -1(2), -1(3), 1(4), 1(5), 1(6), 1(7), -1(8), -1(10), -1(11), 1(12), 1(13), 1(14), 1(15), -1(16), -1(17), 1(20), 1(21), 1(22), 1(23), -1(24), -1(25), 1(27), 1(28), 1(29), 1(30), 1(31), 1(32), 1(33), 1(34), 1(35), 1(36), 1(37), 1(38), 1(39), 1(40), 1(41), 1(42), 1(43), 1(44), 1(45), 2(46), 1(48), 1(49), 1(50), 1(51), 1(52), 2(53), 1(54), 1(56), 1(57), 1(58), 1(59), 1(60), 
Delta (Iter_35) -> 1(1), 1(2), 1(3), -1(5), -1(6), -1(7), 1(8), 1(10), 1(11), -1(13), -1(14), -1(15), 1(16), 1(17), 1(19), -1(21), -1(22), -1(23), 1(24), 1(25), 1(26), -1(29), -1(30), -1(31), -1(36), -1(37), -1(38), -1(39), -1(40), -1(41), -1(42), -1(43), -1(44), -1(45), -1(46), -1(48), -1(49), -1(50), -1(51), -1(52), -1(53), -1(54), -1(56), -1(57), -1(58), -1(59), -1(60), 
Delta (Iter_36) -> -1(4), -1(12), -1(19), -1(20), -1(26), -1(27), -1(32), -1(33), -1(34), 1(37), 1(44), 
Delta (Iter_37) -> -1(1), -1(2), -1(3), -1(8), -1(10), -1(11), -1(16), -1(17), -1(18), -1(24), -1(25), -1(37), -1(44), 
Delta (Iter_38) -> 1(1), 1(2), 1(3), 1(4), 1(5), 1(6), 1(8), 1(9), 1(10), 1(11), 1(12), 1(13), 1(14), 1(16), 1(17), 2(18), 1(19), 1(20), 1(21), 1(22), 1(24), 1(25), 1(26), 1(27), 1(28), 1(29), 1(30), 1(32), 1(33), 1(34), 1(35), 1(36), 2(37), 1(40), 1(41), 1(42), 1(43), 2(44), 1(45), 1(48), 1(49), 1(50), 1(51), 
Delta (Iter_39) -> -1(1), -1(2), -1(6), -1(8), -1(9), -1(10), -1(14), -1(16), -1(17), -1(18), -1(19), -1(22), -1(26), -1(29), -1(30), -1(37), -1(43), -1(44), -1(45), -1(48), -1(49), -1(50), -1(51), 
Delta (Iter_40) -> -1(3), -1(4), -1(5), -1(11), -1(12), -1(13), -1(20), -1(21), -1(24), -1(25), -1(27), -1(28), -1(32), -1(33), -1(34), -1(35), -1(36), -1(40), -1(41), -1(42), 
Delta (Iter_41) -> 1(5), 1(6), 1(7), 1(13), 1(14), 1(15), 1(21), 1(22), 1(23), 1(27), 1(29), 1(30), 1(31), 1(36), 1(38), 1(39), 1(40), 1(41), 1(42), 1(43), 1(45), 1(47), 1(48), 1(49), 1(50), 1(51), 1(52), 1(54), 1(56), 1(57), 1(58), 1(59), 1(60), 1(61), 
Delta (Iter_42) -> 1(3), 1(4), 1(11), 1(12), 1(19), 1(20), 1(24), 1(25), 1(26), 1(27), 1(28), 1(32), 1(33), 1(34), 1(35), 1(36), 1(37), 1(44), -1(47), -1(61), 
Delta (Iter_43) -> -1(3), -1(4), -1(5), -1(6), -1(7), -1(11), -1(12), -1(13), -1(14), -1(15), -1(19), -1(20), -1(21), -1(22), -1(23), -1(24), -1(25), -1(26), -4(27), -2(28), 4(29), 5(30), -1(31), -1(32), -1(33), -1(34), -2(35), -2(36), -3(37), -2(38), -1(39), -1(40), -1(41), -1(42), -3(43), -3(44), -2(45), -1(46), -1(48), -1(49), -1(50), -2(51), -2(52), -1(53), -1(54), -1(56), -1(57), -1(58), -1(59), -1(60), 
Delta (Iter_44) -> -2(9), -2(10), -4(11), -3(12), -2(13), -1(14), -2(17), -4(18), -4(19), -3(20), -2(21), -1(22), -4(25), -4(26), -1(27), -2(28), -7(29), -7(30), -3(33), -3(34), -2(35), -2(36), -2(41), -2(42), -1(49), -1(50), 
Delta (Iter_45) -> -1(6), 1(11), -1(18), 1(25), -1(48), 
Delta (Iter_46) -> 1(1), 1(2), 1(3), 1(4), 1(6), 1(8), 2(9), 2(10), 2(11), 1(12), 1(16), 2(17), 4(18), 1(24), 2(25), 1(32), 1(33), 1(48), 
Delta (Iter_47) -> -1(1), -1(2), -1(3), -1(4), -1(8), -2(9), -2(10), -2(11), -1(12), -1(16), -2(17), -3(18), -1(24), -2(25), -1(32), -1(33), 
Delta (Iter_48) -> 1(2), 1(3), 1(4), 1(9), 1(10), 2(11), 1(12), 1(16), 1(17), 2(18), 1(19), 1(24), 2(25), 1(26), 1(32), 1(33), 
Delta (Iter_49) -> -1(2), -1(3), -1(4), -2(9), -3(10), -2(11), -1(12), -1(16), -3(17), -3(18), -1(19), -1(24), -2(25), -1(26), -1(32), -1(33), 
