Delta (Iter_1) -> -1(2), -1(3), -1(4), -1(5), -1(8), -1(9), -1(10), -1(11), -1(12), -1(13), -1(14), -1(16), -1(17), -1(18), -1(19), -1(20), -1(21), -1(22), -1(24), -1(25), -1(26), -1(27), -1(28), -1(29), -1(32), -1(33), -1(34), -1(35), -1(36), -1(37), -1(40), -1(41), -1(42), -1(44), -1(46), -1(48), -1(49), -1(50), -1(51), -1(53), 
Delta (Iter_2) -> 1(2), 1(3), 1(4), 1(5), 1(8), 1(9), 1(10), 1(11), 1(12), 1(13), 1(14), 1(16), 1(17), 1(18), 1(19), 2(20), 1(21), 1(22), 1(24), 1(25), 1(26), 1(27), 1(28), 1(29), 1(32), 1(33), 1(34), 1(35), 1(36), 1(37), 1(40), 1(41), 1(42), 1(43), 1(44), 1(45), 1(46), 1(48), 1(49), 1(50), 1(51), 1(53), 
Delta (Iter_3) -> -1(2), 1(6), 1(7), -1(8), -1(9), -1(11), 1(14), 1(15), -1(16), -1(17), -1(18), -1(19), -1(20), 1(23), -1(24), -1(25), -1(26), -1(28), 1(30), -1(32), -1(33), -1(34), -1(36), -1(40), -1(41), -1(42), -1(43), -1(44), -1(45), -1(48), -1(49), -1(50), -1(51), -1(53), 
Delta (Iter_4) -> -1(6), -1(7), -1(13), -1(14), -1(15), -1(22), -1(23), -1(27), -1(29), -1(30), -1(37), -1(46), 
Delta (Iter_5) -> 1(2), 1(8), 1(9), 1(11), 1(13), 1(16), 1(17), 1(18), 1(19), 1(22), 1(24), 1(25), 1(26), 1(27), 1(28), 1(29), 1(32), 1(33), 1(34), 1(36), 1(37), 
Delta (Iter_6) -> -1(2), -1(3), -1(4), -1(5), -1(6), -1(8), -1(9), -1(10), -1(11), -1(12), -1(13), -1(14), -1(16), -1(17), -1(18), -1(19), -1(20), -1(21), -1(22), -1(24), -1(25), -1(26), -1(27), -1(28), -1(29), -1(32), -1(33), -1(34), -1(35), -1(36), -1(37), -1(38), 
Delta (Iter_7) -> -1(1), -1(2), -1(3), -1(4), -1(5), -1(11), -1(12), -1(13), -1(18), -1(19), -1(26), -1(28), 1(38), 
Delta (Iter_8) -> 1(1), 1(2), 1(3), 1(8), 1(10), 1(11), 1(16), 1(17), 1(18), 1(19), 1(24), 1(25), 1(26), 1(28), 1(35), 
Delta (Iter_9) -> 1(4), -1(8), -1(10), -1(11), -1(16), -1(17), -1(18), -1(19), -1(20), -1(24), -1(25), -1(26), -1(27), -1(28), -1(29), -1(35), 
Delta (Iter_10) -> 1(5), 1(6), 1(8), 1(10), 1(11), 1(12), 1(13), 1(16), 1(17), 1(18), 1(19), 2(20), 1(21), 1(24), 1(25), 1(26), 2(27), 1(28), 1(29), 1(32), 1(33), 1(34), 1(35), 1(36), 1(37), 1(40), 1(41), 1(42), 1(44), 
Delta (Iter_11) -> -1(6), -1(8), -1(10), -1(16), -1(17), -1(20), -1(21), -1(24), -1(25), -1(27), -1(32), -1(33), -1(34), -1(35), -1(36), -1(37), -2(40), -2(41), -2(42), -1(43), -1(44), -1(52), 
Delta (Iter_12) -> 1(6), 1(14), 1(21), 1(22), 1(24), 1(27), 1(30), 1(32), 1(33), 1(34), 1(35), 1(36), 1(37), 2(40), 2(41), 2(42), 2(43), 1(44), 1(45), 1(46), 1(48), 1(49), 1(50), 1(51), 1(52), 1(53), 
Delta (Iter_13) -> 1(3), 1(4), 1(5), 1(6), 1(7), 1(10), 1(12), 1(13), 1(14), 1(15), 1(16), 1(17), 1(19), 1(20), 1(21), 1(22), 1(23), 1(25), 1(26), 1(28), 1(29), 1(31), 1(38), -1(43), 1(54), 1(56), 1(57), 1(58), 1(59), 
Delta (Iter_14) -> -1(3), -1(4), -1(5), -1(6), -1(7), 1(8), -1(12), -1(13), -1(14), -1(15), -1(21), -1(22), -1(23), -1(28), -1(31), -1(38), 1(43), -1(54), -1(56), -1(57), -1(58), -1(59), 
Delta (Iter_15) -> -1(5), -1(6), -1(8), -1(10), -1(13), -1(14), -1(16), -1(17), -1(19), -1(20), -1(21), -1(22), -1(24), -1(25), -1(26), -1(27), -1(28), -2(29), -1(30), -1(32), -1(33), -1(34), -1(35), -1(36), -1(37), -1(40), -1(41), -1(42), -1(43), -1(44), -1(45), -1(46), -1(48), -1(49), -1(50), -1(51), -1(53), 
Delta (Iter_16) -> -1(4), -1(11), -1(12), -1(17), -1(18), -1(19), -1(24), -1(25), -1(26), -1(32), -1(33), -1(34), -1(36), -1(38), -1(40), -1(41), -1(42), -1(43), -1(45), -1(48), -1(49), -1(50), -1(51), -1(52), 
Delta (Iter_17) -> 1(2), 1(3), 2(4), 2(5), 1(6), 1(10), 1(11), 1(12), 1(13), 1(14), 1(17), 1(18), 1(19), 1(20), 1(21), 1(24), 1(25), 1(26), 1(28), 1(29), 1(32), 1(33), 1(34), 1(35), 1(36), 1(37), 1(38), 1(40), 1(41), 1(42), 1(43), 1(45), 1(48), 1(49), 1(50), 1(51), 1(52), 1(53), 
Delta (Iter_18) -> -1(5), -1(6), 1(8), 1(9), 1(11), 1(12), -1(14), 1(16), 1(17), 1(18), 1(19), -1(21), 1(24), 1(25), 1(26), 1(27), 1(32), 1(33), 1(34), -1(37), 1(40), 1(41), 1(42), 1(44), -1(53), 
Delta (Iter_19) -> -1(2), -2(3), -2(4), -1(5), -1(8), -1(9), -1(10), -2(11), -2(12), -1(13), -2(16), -2(17), -2(18), -2(19), -2(20), -2(24), -2(25), -2(26), -2(27), -1(28), -1(29), -2(32), -2(33), -2(34), -1(35), -1(36), -1(38), -2(40), -2(41), -2(42), -1(43), -1(44), -1(45), -1(52), 
Delta (Iter_20) -> 1(3), 1(4), 1(5), 1(6), 1(11), 1(12), 1(13), 1(14), 1(16), 1(17), 1(18), 1(19), 2(20), 1(21), 1(22), 1(24), 1(25), 1(26), 2(27), 1(28), 1(29), 2(32), 2(33), 2(34), 1(35), 2(36), 1(37), 1(38), 2(40), 2(41), 2(42), 2(43), 1(44), 2(45), 1(46), 1(48), 1(49), 1(50), 1(51), 1(52), 1(53), 
Delta (Iter_21) -> 1(29), -1(32), -1(33), -1(34), -1(40), -1(41), -1(42), -1(43), -1(44), -1(45), -1(46), -1(48), -1(49), -1(50), -1(51), 
Delta (Iter_22) -> -1(5), -1(6), -1(13), -1(14), -1(20), -1(21), -1(22), -1(26), -1(27), -1(28), -1(29), -1(35), -1(36), -1(37), 1(44), 1(46), 
Delta (Iter_23) -> 1(26), -1(29), -1(44), -1(46), -1(53), 
Delta (Iter_24) -> -1(26), 1(29), -1(32), -1(33), -1(34), -1(40), -1(41), -1(42), -1(43), 
Delta (Iter_25) -> 1(2), 1(3), 1(4), 2(5), 2(6), 2(7), 1(10), 1(12), 2(13), 2(14), 2(15), 1(19), 1(20), 2(21), 2(22), 2(23), 1(26), 1(27), 2(28), 1(29), 2(30), 1(31), 1(32), 1(33), 1(34), 1(35), 1(36), 2(37), 1(38), 1(39), 2(40), 2(41), 2(42), 2(43), 1(44), 1(45), 2(46), 1(48), 1(49), 1(50), 1(51), 1(52), 1(53), 1(54), 1(56), 1(57), 1(58), 1(59), 1(60), 
Delta (Iter_26) -> -1(1), -2(2), -2(3), -2(4), -2(5), -2(6), -2(7), -1(10), -1(11), -2(12), -2(13), -2(14), -2(15), -1(18), -2(19), -1(20), -2(21), -2(22), -2(23), -1(26), -1(27), -2(28), -1(29), -2(30), -1(31), -1(36), -1(37), -1(38), -1(39), -1(40), -1(41), -1(42), -1(43), -1(44), -1(45), -2(46), -1(48), -1(49), -1(50), -1(51), -1(52), -1(53), -1(54), -1(56), -1(57), -1(58), -1(59), -1(60), 
Delta (Iter_27) -> 1(5), 1(6), 1(7), -1(8), -1(9), -1(10), 1(13), 1(14), 1(15), -1(16), -1(17), 1(22), 1(23), -1(24), -1(25), -1(32), -1(33), -1(34), -1(35), -1(37), -1(40), -1(41), -1(42), -1(43), -1(44), -1(45), -1(48), -1(49), -1(50), -1(51), -1(52), 
Delta (Iter_28) -> -1(5), -1(6), -1(7), 1(8), 1(9), 1(10), -1(13), -1(14), -1(15), 1(16), 1(17), 1(19), -1(22), -1(23), 1(24), 1(25), 1(26), 1(28), 1(32), 1(33), 1(34), 1(35), 1(37), 1(40), 1(41), 1(42), 1(43), 2(44), 1(45), 1(46), 1(48), 1(49), 1(50), 1(51), 1(52), 1(53), 
Delta (Iter_29) -> 1(1), 1(2), 1(3), 1(4), 1(5), 1(6), 1(7), 1(11), 1(12), 1(13), 1(14), 1(15), 1(18), 1(20), 1(21), 1(22), 1(23), 1(27), 1(29), 1(30), 1(31), 1(32), 1(33), 1(36), 1(38), 1(39), 1(40), 1(41), 1(42), 1(43), 1(44), 1(45), 1(46), 1(47), 1(48), 1(49), 1(50), 1(51), 1(52), 1(53), 1(54), 1(56), 1(57), 1(58), 1(59), 1(60), 
Delta (Iter_30) -> -1(6), -1(7), 1(8), 1(9), 1(10), -1(14), -1(15), 1(16), 1(17), 1(19), -1(22), -1(23), 1(24), 1(25), 1(26), 1(28), -1(30), -1(31), 1(34), 1(35), -1(38), -1(39), -1(43), -1(44), -1(45), -1(46), -1(47), -1(48), -1(49), -1(50), -1(51), -1(52), -1(53), -1(54), -1(56), -1(57), -1(58), -1(59), -1(60), 
Delta (Iter_31) -> -1(4), -1(5), -1(12), -1(13), 1(18), -1(20), -1(21), -1(28), -1(29), -1(32), -1(33), -1(34), -1(35), -1(36), -1(37), -1(40), -1(41), -1(42), -1(44), -1(46), -1(53), 
Delta (Iter_32) -> 1(4), 1(5), 1(6), 1(7), -1(8), -1(9), 1(12), 1(13), 1(14), 1(15), -1(18), 1(20), 1(21), 1(22), 1(23), 1(28), 1(29), 1(30), 1(31), 1(32), 1(33), 1(34), 1(35), 1(36), 1(37), 1(38), 1(39), 1(40), 1(41), 1(42), 1(43), 1(44), 1(45), 1(46), 1(48), 1(49), 1(50), 1(51), 1(52), 1(53), 1(54), 1(56), 1(57), 1(58), 1(59), 1(60), 
Delta (Iter_33) -> 1(4), 1(5), 1(6), 1(13), 1(14), -1(16), -1(17), 1(21), 1(22), -1(24), -1(25), -1(26), -1(28), -1(31), -1(32), -1(33), -1(34), -1(35), -1(36), -1(38), -1(39), -1(40), -1(41), -1(42), -1(43), -1(45), -1(48), -1(49), -1(50), -1(51), -1(52), -1(53), -1(54), -1(56), -1(57), -1(58), -1(59), -1(60), 
Delta (Iter_34) -> -1(4), -1(5), -1(6), -1(13), -1(14), -1(18), -1(19), -1(20), -1(21), -1(22), -1(24), -1(25), -1(26), -1(27), -1(29), -1(35), 1(45), 
Delta (Iter_35) -> 1(2), 1(3), 1(4), -1(7), -1(15), 1(18), -1(21), -1(22), -1(23), 1(24), 1(25), 1(26), -1(30), 1(35), -1(44), -1(45), -1(46), 
Delta (Iter_36) -> -1(2), -1(3), -1(4), 1(7), -1(10), 1(15), 1(20), 1(21), 1(22), 1(23), 1(27), 1(29), 1(30), 1(31), 1(36), 1(38), 1(40), 1(41), 1(42), 1(43), 1(44), 1(45), 1(46), 1(48), 1(49), 1(50), 1(51), 1(52), 2(53), 1(54), 1(56), 1(57), 1(58), 1(59), 1(60), 
Delta (Iter_37) -> -1(6), -1(7), -1(14), -1(15), -1(21), -1(22), -1(23), -1(29), -1(30), -1(31), 1(32), 1(33), 1(34), -1(38), -1(43), -1(45), -1(48), -1(49), -1(50), -1(51), -1(52), -1(53), -1(54), -1(56), -1(57), -1(58), -1(59), -1(60), 
Delta (Iter_38) -> 1(6), 1(7), 1(10), 1(14), 1(15), 1(21), 1(22), 1(23), 1(29), 1(30), 1(31), -1(32), -1(33), -1(34), 1(38), -1(40), -1(41), -1(42), 1(45), -1(53), 
Delta (Iter_39) -> -1(7), -1(10), -1(15), -1(23), -1(30), -1(31), -1(38), 1(40), 1(41), 1(42), 1(43), 1(48), 1(49), 1(50), 1(51), 1(53), 
Delta (Iter_40) -> -1(1), -2(2), -1(3), -1(4), -1(5), -1(6), -1(9), -1(10), -1(11), -1(12), -1(13), -1(14), -1(16), -1(17), -1(18), -1(19), -1(20), -1(21), -1(22), -1(24), -1(25), -1(26), -1(27), -1(28), -1(29), -1(32), -1(33), -1(34), -1(35), -1(36), -1(37), -2(40), -2(41), -2(42), -2(43), -1(44), -1(45), -1(46), -2(48), -2(49), -2(50), -2(51), -1(52), -1(53), 
Delta (Iter_41) -> 1(1), 2(2), 1(3), 1(4), 2(5), 2(6), 1(7), 1(9), 2(10), 1(11), 1(12), 2(13), 2(14), 1(15), 1(16), 1(17), 1(18), 2(19), 1(20), 2(21), 2(22), 1(23), 1(24), 1(25), 1(26), 1(27), 2(28), 1(29), 1(30), 1(31), 1(32), 1(33), 1(34), 1(35), 1(37), 1(48), 1(49), 1(50), 1(51), 1(52), 
Delta (Iter_42) -> -1(1), -1(2), -1(5), -1(6), -1(8), -1(9), -1(10), -1(13), -1(14), -1(16), -1(17), -1(18), -1(19), -1(21), -1(22), -1(24), -1(25), -1(26), -1(27), -1(28), -1(29), -1(30), -1(31), -1(32), -1(33), -1(34), -1(35), -1(37), 7(47), 7(63), 
Delta (Iter_43) -> -1(3), -1(4), 1(8), 1(9), -1(11), -1(12), 1(16), 1(17), 1(18), -1(20), 1(24), 1(25), 1(26), -1(29), -1(30), 1(31), 1(32), 1(33), 1(34), 1(35), 1(36), 1(37), 1(39), 1(40), 1(41), 1(42), -1(43), -1(45), -7(47), 1(53), -7(63), 
Delta (Iter_44) -> -1(5), -1(6), -1(7), -2(9), -2(10), -3(11), -3(12), -3(13), -2(14), -1(15), -2(17), -3(18), -4(19), -3(20), -3(21), -2(22), -1(23), -3(25), -4(26), -3(27), -3(28), -1(29), -1(31), -3(33), -3(34), -3(35), -3(36), -2(37), -1(38), -1(39), -2(41), -2(42), -1(44), -1(49), -1(50), -1(51), -1(52), -1(53), 
Delta (Iter_45) -> 1(9), 1(11), 1(12), -1(18), 1(25), 1(33), 
Delta (Iter_46) -> 1(10), 1(17), 2(18), 1(19), 1(25), 1(26), 
Delta (Iter_47) -> -1(4), -1(5), -1(9), -1(10), -1(11), -1(12), -1(17), -2(18), -1(19), -2(25), -1(26), 1(32), 
Delta (Iter_48) -> 1(4), 1(5), 1(10), 2(11), 2(12), -1(16), 1(18), 1(19), -1(24), 1(25), 1(26), -1(32), 
Delta (Iter_49) -> 1(3), 1(4), 1(5), -2(10), -2(11), -2(12), 1(16), -1(17), -2(18), -1(19), 2(24), -1(25), -1(26), 1(32), -1(33), 1(40), 
