Delta (Iter_1) -> 1(15), 1(30), 1(31), 1(46), 1(47), -1(49), 1(61), 1(62), 1(63), -1(64), 2(79), -1(81), 2(95), -1(96), 1(111), -1(112), -1(113), 1(126), 1(127), 
Delta (Iter_2) -> 1(10), 1(13), -1(28), -1(30), -1(31), -1(41), -1(43), -1(45), -2(46), -1(47), -1(59), -1(60), -1(61), -1(62), -1(63), 1(64), 1(66), 1(68), -1(76), -1(77), -1(78), -1(79), 1(81), -1(90), -1(93), -1(95), 1(96), 1(99), 1(101), -1(106), -1(109), 1(112), 1(113), 1(114), 1(115), 1(117), -1(122), -1(125), -1(126), -1(127), 
Delta (Iter_3) -> -1(10), -1(11), -1(13), -1(14), -1(15), -1(26), -1(39), -1(42), -1(44), 1(46), 1(47), -1(52), -1(55), -1(57), 1(62), 2(63), -1(64), -1(66), -1(68), -1(69), -1(71), -1(73), 1(78), 1(79), -1(81), -1(83), -1(85), -1(87), 1(93), 1(95), -1(96), -1(98), -1(99), -1(101), -1(103), 1(109), 1(111), -1(112), -1(113), -1(114), -1(115), -1(117), -1(119), 1(122), 1(125), 1(126), 1(127), 
Delta (Iter_4) -> 1(14), 1(15), 1(20), 1(21), 1(31), 1(34), 1(37), 1(38), 1(39), 1(42), 1(44), 1(49), 1(51), 1(52), 1(54), 1(55), -1(62), -1(63), 1(66), 1(68), 1(69), 1(70), 1(71), -1(75), -1(78), -1(79), 1(81), 1(83), 1(84), 1(85), 1(86), 1(87), -1(91), -1(92), -1(93), -1(94), -1(95), 1(98), 1(99), 1(100), 1(101), 1(102), 1(103), -1(107), -1(108), -1(109), -1(110), -1(111), 1(112), 1(113), 1(114), 1(115), 1(116), 1(117), 1(118), 1(119), -1(121), -1(122), -1(123), -1(124), -1(125), -1(126), 
Delta (Iter_5) -> -1(14), -1(89), -1(105), 
Delta (Iter_6) -> 1(11), 1(14), -1(20), 1(25), 1(26), -1(37), 1(41), 1(47), -1(54), 1(57), 1(62), 1(63), -1(70), 1(73), 1(75), 1(78), 1(79), -1(84), -1(86), -1(87), 1(89), 1(91), 1(92), 1(93), 1(94), 1(95), -1(100), -1(101), -1(102), -1(103), 1(105), 1(107), 1(108), 1(109), 1(110), -1(112), -1(115), -1(116), -1(117), -1(118), -1(119), 1(121), 1(122), 1(123), 1(124), 1(125), 1(126), 
Delta (Iter_7) -> -1(31), 1(45), -2(47), 1(59), -1(62), -1(63), 1(64), -1(79), 1(87), -1(92), -1(95), 1(101), 1(103), 1(112), 1(115), 1(117), 1(119), -1(125), -1(126), 
Delta (Iter_8) -> -1(14), -1(15), 1(20), -1(25), -1(45), -1(46), -1(59), 1(96), 1(106), 1(125), 
Delta (Iter_9) -> 1(14), 1(15), 1(37), -1(41), 1(54), -1(78), 1(84), -1(93), -1(94), -1(96), -1(106), -1(108), -1(109), -1(110), -1(122), -1(124), -1(125), 
Delta (Iter_10) -> 1(10), -1(20), 1(25), 1(28), 1(31), -1(37), -1(38), 1(41), 1(43), 1(45), 1(46), 1(47), -1(51), -1(54), 1(59), 1(60), 1(62), 1(63), -1(64), -1(68), 1(74), 1(76), 1(78), 1(79), -1(84), 1(90), 1(92), 1(94), 1(95), -1(99), -1(101), 1(106), 1(108), 1(110), -1(112), -1(115), -1(117), 1(122), 1(124), 1(126), 
Delta (Iter_11) -> -1(10), -1(14), -1(15), -1(28), -1(43), -1(45), -1(60), -1(62), 1(64), 1(68), 1(77), 1(82), 1(88), 1(89), 1(91), 1(93), 1(99), 1(101), 1(104), 1(105), 1(107), 1(109), 1(111), 1(112), 1(120), 1(121), 1(123), 1(125), 
Delta (Iter_12) -> 1(14), 1(15), -1(25), -1(26), 1(30), 1(31), -1(34), 1(38), -1(41), -1(42), 1(45), 1(46), 1(47), -1(49), 1(54), -1(57), -1(58), -1(59), 1(61), 1(62), -1(64), -1(66), -1(68), 1(70), -1(73), -1(74), 1(78), 1(79), -1(80), -1(81), -1(82), -1(83), 1(86), -1(88), -2(89), -1(90), -1(91), 1(94), -1(97), -1(98), -1(99), 1(102), -1(104), -2(105), -1(106), -1(107), 1(110), -1(112), -1(113), -1(114), 1(117), 1(118), -1(120), -2(121), -1(122), -1(123), 1(126), 1(127), 
Delta (Iter_13) -> 1(26), 1(28), -1(30), -1(31), 1(42), -1(46), -1(47), -1(54), 1(57), 1(58), 1(59), 1(60), -1(70), 1(73), -1(78), -1(79), 1(80), -1(86), 1(89), -1(94), 1(97), -1(102), 1(105), -1(110), -1(118), 1(121), -1(126), -1(127), 
Delta (Iter_14) -> 1(9), 1(10), 1(13), 1(19), 1(20), 1(23), 1(24), 1(25), 1(27), 1(29), 1(30), 1(33), 1(34), 1(36), 1(37), 1(39), 1(40), 1(41), 1(42), 1(43), 1(44), 1(45), 1(46), 1(48), 1(49), 1(50), 1(51), 1(52), 1(53), 1(54), 1(55), 1(56), 1(57), 1(58), -1(63), 1(64), 1(65), 1(66), 1(67), 1(68), 1(69), 1(70), 1(71), 1(72), 1(74), -1(79), 1(81), 1(82), 1(83), 1(84), 1(85), 1(86), 1(88), -1(95), 1(96), 1(97), 1(98), 1(99), 1(100), 1(102), -1(110), -1(111), 1(112), 1(113), 1(114), 1(115), -1(125), -1(126), -1(127), 
Delta (Iter_15) -> -1(9), -1(13), -1(19), -1(20), -1(23), -1(24), -1(27), -1(29), -1(30), -1(33), -1(36), -1(37), -1(38), -1(39), -1(40), -1(42), -1(45), -1(46), -1(48), -1(50), -1(51), -1(52), -1(53), -1(54), -1(55), -1(56), -1(57), -1(61), -1(62), -1(65), -1(67), -1(68), -1(69), -1(70), -1(71), -1(77), -1(78), -1(82), -1(84), -1(85), -1(86), 1(90), -1(93), -1(94), -1(96), -1(97), -1(99), -1(100), -1(102), 1(104), 1(106), -1(109), -1(115), 1(122), 1(127), 
Delta (Iter_16) -> 1(9), 1(13), 1(14), 1(15), -1(21), 1(27), 1(29), 1(30), 2(31), -1(34), 1(42), 1(45), 2(46), 2(47), -1(49), -1(52), 2(61), 3(62), 2(63), -1(64), -1(66), -1(69), -1(72), 1(75), 1(76), 2(77), 3(78), 2(79), -1(80), -1(81), -1(83), -1(84), -1(85), -1(87), -1(88), 1(90), 2(91), 1(92), 2(93), 2(94), 2(95), -1(97), -1(98), -1(100), -1(101), -1(102), -1(103), -1(104), 1(106), 2(107), 1(108), 2(109), 2(110), 1(111), -1(112), -1(113), -1(114), -1(115), -1(116), -2(117), -1(118), -1(119), 1(121), 1(122), 1(123), 1(124), 2(125), 2(126), 1(127), 
Delta (Iter_17) -> -1(9), -1(13), -1(14), -1(15), -2(31), -1(45), -1(46), -1(62), -1(78), 1(80), -1(90), -1(91), -1(95), -1(107), -1(127), 
Delta (Iter_18) -> 1(21), -1(27), -1(28), -1(29), -2(30), -1(31), 1(34), 1(38), -1(41), -1(42), -1(43), -2(44), -1(45), -2(46), -2(47), 1(49), 1(51), 1(52), -1(57), -1(58), -1(59), -1(60), -3(61), -2(62), -1(63), 1(64), 1(66), 1(69), -1(71), -1(73), -1(74), -2(75), -2(76), -2(77), -1(78), -1(79), 1(81), 1(83), 1(84), -1(89), -1(90), -1(91), -2(92), -1(93), -1(94), 1(97), 1(98), 1(100), 1(102), -2(106), -1(108), -1(109), -1(110), -1(111), 1(112), 1(113), 1(115), 1(117), 1(118), -1(121), -1(122), -1(124), -1(125), -1(126), 
Delta (Iter_19) -> 1(13), 1(14), 1(15), -1(21), 1(27), 1(28), 1(29), 3(30), 2(31), -1(34), -1(35), 1(41), 1(43), 2(44), 2(45), 3(46), 1(47), -1(49), -1(51), -1(52), 1(57), 1(58), 2(59), 2(60), 2(61), 2(62), -1(64), -1(65), -1(66), -1(67), 1(71), 1(73), 1(74), 2(75), 2(76), 2(77), 2(78), -1(81), -1(83), 1(87), 1(89), 1(90), 1(91), 2(92), 1(93), 2(94), -1(97), -1(98), -1(100), 1(103), 1(106), 1(108), 1(109), 1(110), 1(111), -1(112), -1(113), -1(115), 1(119), 1(124), 1(125), 1(126), 
Delta (Iter_20) -> -1(14), -1(15), 1(21), -1(30), -1(31), 1(34), 1(35), 1(42), -1(46), -1(47), 1(49), 1(52), 1(54), 1(56), 1(64), 1(65), 1(66), 1(67), 1(70), 1(72), -1(78), 1(85), 1(88), -1(93), -1(94), 1(97), 1(98), 1(100), 1(101), -1(109), -1(111), 1(112), 1(115), 1(116), -1(124), -1(125), -1(126), 
Delta (Iter_21) -> 1(12), 1(14), 1(15), -1(21), 1(28), 1(29), 1(30), 1(31), -1(34), -1(35), -1(38), 1(43), 1(44), 1(45), 1(47), -1(49), -1(52), -1(54), -1(56), 1(61), -1(64), -1(66), -1(67), -1(69), -1(70), 1(79), -1(80), -1(82), -1(84), -1(85), 1(93), 1(95), -1(97), -1(98), -1(99), -1(100), -1(101), 1(104), 1(109), 1(111), -1(112), -1(114), -1(115), -1(116), 1(124), 1(125), 1(126), 1(127), 
Delta (Iter_22) -> -1(10), -1(12), -1(25), -1(27), -1(28), -1(29), -1(30), 1(31), -1(41), -1(42), -2(43), -2(44), -1(45), 1(46), 1(47), -1(50), -1(55), -1(57), -1(58), -1(59), -1(60), 1(62), 1(63), -1(65), -1(71), -1(72), -1(74), -1(75), 1(78), -1(87), -1(88), -1(90), 1(94), -1(96), -1(103), -1(104), 1(110), 1(111), -1(113), -1(119), 
Delta (Iter_23) -> -1(13), -1(14), -1(15), 1(21), -1(29), -1(30), -2(31), 1(35), -1(45), -1(46), -1(47), 1(50), -1(58), -1(59), -1(60), -2(61), -1(62), -1(63), 1(65), 1(67), 1(69), -1(73), -1(76), -1(78), 1(80), 1(82), 1(84), -1(89), -1(91), -1(94), -1(95), 1(96), 1(99), -1(106), -1(110), -1(111), 1(113), 1(114), -1(127), 
Delta (Iter_24) -> 1(9), 1(10), 1(13), 1(14), 2(15), -1(21), 1(25), 1(27), 2(29), 2(30), 1(31), 1(41), 1(42), 2(43), 1(44), 2(45), 1(46), 1(55), 1(56), 2(57), 3(58), 2(59), 2(60), 2(61), -1(69), 1(71), 1(72), 2(73), 2(74), 1(75), 1(76), -1(80), -1(82), 1(87), 1(88), 2(89), 1(90), 1(91), -1(92), 1(103), 1(104), 1(106), -1(108), 1(115), 1(119), -1(124), 1(127), 
Delta (Iter_25) -> 1(8), 1(12), -1(15), 1(20), 1(21), 1(24), -1(29), -1(30), 1(34), 1(37), 1(38), 1(40), -1(43), -1(45), -1(46), -1(47), 1(49), 1(51), 1(52), 1(54), -1(58), -1(60), -1(61), -1(62), 1(64), 1(66), 1(68), 1(69), -1(74), -1(76), -1(77), -1(78), -1(79), 1(80), 1(81), 1(82), 1(83), 1(85), -1(93), -1(94), 1(97), 1(98), 1(99), 1(100), 1(101), -1(107), -1(109), -1(110), -1(111), 1(112), 1(113), 1(114), 1(116), 1(117), -1(123), -1(125), -1(126), -1(127), 
Delta (Iter_26) -> -1(8), -1(9), -1(10), -1(12), -1(13), -2(14), -2(15), -1(20), -1(24), -1(25), -1(27), -1(28), -1(29), -1(30), -2(31), -1(37), -1(38), -1(40), -1(42), -1(43), -1(44), -1(45), -1(46), -1(47), -1(51), -1(54), -1(56), -1(57), -1(59), -1(63), 1(105), 1(107), 1(120), 
Delta (Iter_27) -> 1(10), 1(14), 1(15), 1(25), 1(28), 1(31), 1(38), 1(43), 1(47), -1(58), -1(60), -1(61), 1(63), -1(64), -1(68), -1(72), -1(73), -1(75), -1(77), -1(85), -1(88), -1(89), -1(91), -1(99), -1(101), -1(104), -1(105), -1(107), 1(111), -1(112), -1(117), -1(120), 
Delta (Iter_28) -> -1(10), 1(13), 1(15), -1(25), 1(29), 1(30), 1(31), -1(34), 1(45), 1(46), 1(47), -1(49), 1(60), 1(61), 1(62), 1(63), -1(66), -1(74), 1(77), 1(78), 1(79), -1(80), -1(81), -1(83), 1(85), -1(90), 1(94), 1(95), -1(97), -1(98), 1(101), -1(106), 1(110), -1(113), -1(114), 1(117), -1(122), 1(127), 
Delta (Iter_29) -> -1(13), -1(15), 1(20), 1(25), -1(28), -1(29), -1(30), -1(31), 1(34), 1(37), -1(43), -1(45), -1(46), -1(47), 1(49), 1(51), 1(54), -1(60), -1(62), -1(63), 1(64), 1(66), 1(68), -1(78), -1(79), 1(80), 1(81), 1(83), -1(94), -1(95), 1(97), 1(98), -1(110), 1(112), -1(127), 
Delta (Iter_30) -> 1(9), 1(10), 1(13), 1(14), 1(15), -1(20), 1(28), 1(29), 1(30), 2(31), -1(34), -1(37), -1(38), 1(43), 1(45), 2(46), 2(47), -1(49), -1(51), -1(54), 1(60), 1(61), 2(62), 1(63), -1(64), -1(66), -1(68), 1(77), 2(78), 1(79), -1(80), -1(81), -1(83), -1(85), -1(87), 1(90), 1(92), 1(93), 1(94), 1(95), -1(97), -1(98), -1(101), -1(102), -1(103), 1(106), 1(107), 1(108), 1(109), 1(110), -1(112), -1(116), -1(117), -1(118), -1(119), 1(121), 1(122), 1(123), 1(124), 1(125), 1(126), 1(127), 
Delta (Iter_31) -> 1(8), 1(12), 1(15), 1(19), 1(20), 1(22), 1(23), 1(24), 1(26), 1(27), 1(28), 1(29), 1(30), -1(31), 1(34), 1(36), 1(37), 2(38), 1(39), 1(40), 1(42), 1(44), -1(46), -1(47), 1(49), 1(51), 1(52), 1(53), 2(54), 1(55), 1(56), 1(58), -1(61), -2(62), -1(63), 1(66), 1(67), 2(68), 1(69), 2(70), 1(71), 1(72), 1(74), -1(77), -2(78), -1(79), 1(80), 1(81), 1(82), 2(83), 1(84), 2(85), 1(86), 2(87), 1(88), -1(92), -1(93), -1(94), -1(95), 1(97), 1(98), 1(99), 1(100), 1(101), 2(102), 1(103), 1(104), -1(106), -1(107), -1(108), -1(109), -1(110), -1(111), 1(112), 1(113), 1(114), 1(115), 2(116), 1(117), 2(118), 1(119), -2(121), -1(122), -2(123), -2(124), -2(125), -2(126), -1(127), 
Delta (Iter_32) -> -1(8), -1(9), -1(10), -1(11), -1(12), -1(13), -1(14), -2(15), -1(19), -1(22), -1(23), -1(24), -1(25), -1(26), -1(27), -2(28), -2(29), -2(30), -1(31), -1(36), -1(38), -1(39), -1(40), -1(41), -1(42), -1(43), -1(44), -1(45), -1(46), -1(47), -1(52), -1(53), -1(54), -1(55), -1(56), -1(57), -1(58), -1(59), -1(60), -1(61), -1(62), -1(63), -1(67), -1(68), -1(69), -1(70), -1(71), -1(72), -1(73), -1(74), -1(75), -1(76), -1(77), -1(78), -1(79), -1(82), -1(83), -1(85), -1(87), -1(88), -1(89), -1(90), -1(91), -1(92), -1(93), -1(94), -1(95), -1(104), -1(105), -1(107), -1(108), -1(109), -1(110), 
Delta (Iter_33) -> 1(8), 1(9), 1(10), 1(11), 1(12), 2(13), 2(14), 2(15), 1(24), 1(25), 1(27), 2(28), 2(29), 3(30), 2(31), -1(34), 1(40), 1(41), 1(42), 2(43), 2(44), 2(45), 2(46), 2(47), -1(49), -1(51), 1(56), 1(57), 1(58), 2(59), 2(60), 2(61), 2(62), 2(63), -1(66), -1(68), 1(72), 1(73), 1(74), 2(75), 2(76), 2(77), 2(78), 2(79), -1(80), -1(81), -1(83), -1(84), 1(88), 1(89), 1(90), 2(91), 2(92), 2(93), 2(94), 2(95), -1(97), -1(98), -1(99), -1(100), 1(104), 1(105), 1(106), 2(107), 2(108), 2(109), 2(110), 1(111), -1(112), -1(113), -1(114), -1(115), -1(116), 1(121), 1(123), 2(124), 2(125), 2(126), 1(127), 
Delta (Iter_34) -> -1(8), -1(9), -1(12), -1(13), -1(14), -1(24), -1(25), -1(27), -1(28), -1(29), -1(30), -1(40), -1(41), -1(42), -1(43), -1(44), -1(45), -1(56), -1(57), -1(58), -1(59), -1(60), -1(72), -1(73), -1(74), -1(75), -1(76), -1(88), -1(89), -1(90), -1(91), -1(92), -1(104), -1(105), -1(106), -1(107), -1(108), -1(121), -1(124), 
Delta (Iter_35) -> -1(14), -2(15), -1(29), -2(30), -2(31), 1(34), -1(43), -1(44), -1(45), -2(46), -2(47), 1(49), 1(51), 1(53), -1(59), -1(60), -2(61), -1(62), -2(63), 1(64), 1(66), 1(68), -1(75), -1(76), -1(77), -1(78), -1(79), 1(80), 1(81), 1(83), 1(84), -1(93), -1(94), -2(95), 1(97), 1(98), 1(99), 1(100), -1(109), -1(110), -1(111), 1(112), 1(113), 1(114), 1(115), -1(125), -1(126), -1(127), 
Delta (Iter_36) -> 1(8), 1(9), 1(11), 1(12), 1(13), 3(14), 3(15), 1(22), 1(23), 1(24), 1(25), 1(26), 1(27), 2(28), 3(29), 3(30), 2(31), -1(34), 1(38), 1(39), 1(40), 1(41), 1(42), 2(43), 2(44), 2(45), 2(46), 2(47), -1(49), -1(51), 1(54), 1(55), 1(56), 1(57), 1(58), 2(59), 2(60), 2(61), 2(62), 2(63), -1(64), -1(66), 1(69), 1(70), 1(71), 1(72), 1(73), 1(74), 2(75), 2(76), 1(77), 1(78), 1(79), -1(80), -1(81), 1(85), 1(87), 1(88), 1(89), 1(90), 1(91), 1(92), 1(93), 1(94), 1(95), -1(97), -1(98), -1(99), -1(100), 1(104), 1(105), 1(108), 1(109), 1(110), 1(111), -1(112), -1(113), -1(114), -1(115), 1(126), 1(127), 
Delta (Iter_37) -> -1(8), -1(9), -1(11), -1(13), -2(14), -1(15), -1(20), -1(22), -1(23), -1(24), -1(26), -1(28), -1(29), -1(30), -1(37), -1(38), -1(39), -1(45), -1(46), -1(47), -1(53), -1(54), -1(55), -1(61), -1(62), -1(63), -1(68), -1(69), -1(70), -1(71), -1(77), -1(79), -1(83), -1(84), -1(85), -1(87), -1(93), 1(97), 1(98), 1(106), 1(107), -1(109), -1(110), 1(121), 1(122), 1(123), -1(126), 
Delta (Iter_38) -> 1(8), 1(9), -1(15), 1(19), 1(20), 1(22), 1(23), 1(24), 1(26), -1(29), -1(30), -1(31), 1(33), 1(34), 1(36), 1(37), 1(38), 1(39), -1(44), 1(48), 1(49), 1(50), 1(51), 1(53), 1(54), 1(55), -1(62), 1(64), 1(65), 1(66), 1(67), 1(68), 1(69), -1(78), 1(80), 1(81), 1(82), 1(83), 1(84), -1(94), 1(96), 1(97), 1(99), -1(111), 1(112), 1(113), 1(114), 1(120), -1(127), 
Delta (Iter_39) -> -1(8), -1(19), -1(20), -1(22), -1(23), -1(24), -1(26), -1(28), -1(33), -1(34), -1(36), -1(37), -1(38), -1(39), -1(40), -1(43), -1(48), -1(50), -1(51), -1(52), -1(53), -2(54), -1(55), -1(56), -1(60), 1(61), 1(62), 1(63), -1(64), -1(65), -1(66), -1(67), -1(68), -2(69), -1(70), -1(72), 1(77), 1(78), 1(79), -1(81), -1(82), -1(83), -1(84), -1(85), -1(86), -1(88), 1(93), 1(94), 1(95), -1(96), -1(97), -1(98), -1(99), -1(100), -1(101), -1(102), -1(104), 1(109), 1(110), 1(111), -1(112), -1(113), -1(114), -1(115), -1(116), -1(117), -1(118), -1(120), 1(124), 1(125), 
Delta (Iter_40) -> -1(12), 1(15), -1(21), 2(31), -1(38), -1(42), -1(44), -1(45), 1(46), 1(47), -1(49), -1(59), -1(61), 1(62), 1(63), -1(75), -1(76), 1(78), -1(80), -1(87), 1(94), -1(97), -1(102), -1(103), 1(106), 1(115), -1(117), -1(118), -1(119), 1(121), 1(122), 1(126), 1(127), 
Delta (Iter_41) -> -1(13), -1(14), -2(15), 1(20), 1(21), -1(27), -1(29), -3(31), 1(34), 1(38), -2(46), -2(47), 1(49), 1(52), -1(58), -1(60), -1(61), -2(62), -2(63), 1(66), 1(69), -1(74), -1(76), -2(77), -2(78), -1(79), 1(80), 1(83), 1(87), -1(91), -1(92), -1(93), -2(94), -1(95), 1(97), 1(98), 1(99), 1(100), 1(102), 1(103), -1(106), -1(107), -1(108), -1(109), -1(110), -1(111), 1(112), 1(113), 1(114), 1(115), 1(116), 1(117), 1(118), 1(119), -1(121), -1(122), -1(123), -1(124), -1(125), -1(126), -1(127), 
Delta (Iter_42) -> 1(7), 1(8), 1(11), 2(12), 2(13), 2(14), 3(15), 1(22), 1(23), 1(24), 1(25), 1(26), 2(27), 1(28), 3(29), 2(30), 2(31), 1(36), 1(37), 1(39), 1(40), 1(41), 1(42), 1(43), 2(44), 2(45), 2(46), 2(47), 1(51), 1(53), 1(54), 1(55), 1(56), 1(57), 1(58), 1(59), 2(60), 2(61), 1(62), 1(63), 1(68), 1(69), 1(70), 1(71), 1(72), 1(73), 1(74), 1(75), 2(76), 2(77), 1(78), 1(79), 1(84), 1(85), 1(86), 1(88), 1(89), 1(91), 1(92), 1(93), 1(94), -1(99), 1(101), 1(102), 1(104), 1(107), 1(108), 1(109), 1(110), 1(111), -1(112), -1(113), -1(114), -1(115), 1(117), -1(122), 
Delta (Iter_43) -> -1(7), -1(12), -1(22), -1(25), -1(27), 1(31), -1(34), -1(36), -1(41), 1(46), -1(49), -1(51), -1(55), -1(57), 1(61), 1(62), 1(63), -1(66), -1(69), -1(71), -1(73), 1(77), 1(78), -1(80), -1(83), -1(84), -1(89), 1(94), 1(95), -1(97), -1(98), 1(118), 1(122), 1(123), 1(124), 1(125), 1(126), 1(127), 
Delta (Iter_44) -> -1(8), -1(9), -1(10), -1(11), -1(12), -2(13), -2(14), -3(15), -1(20), -1(23), -1(24), -1(25), -1(26), -1(27), -1(28), -2(29), -2(30), -2(31), -1(37), -1(39), -1(40), -1(41), -1(42), -1(43), -1(44), -1(45), -2(46), -1(47), -1(53), -1(56), -1(57), -1(58), -1(59), -1(60), -1(61), -1(62), -1(63), -1(68), -1(72), -1(77), -1(78), 1(80), 1(97), 1(120), 
Delta (Iter_45) -> 1(9), 1(10), 1(12), 1(13), 1(14), 2(15), 1(25), 1(27), 1(29), 2(30), 2(31), 1(41), 1(42), 1(43), 1(45), 1(46), 2(47), -1(52), -1(54), 1(57), 1(58), 1(59), 1(60), 1(62), 1(63), -1(69), -1(70), 1(78), 1(79), -1(80), -1(82), -1(84), -1(85), -1(86), -1(88), -1(97), -1(100), -1(101), -1(102), -1(104), 1(110), 1(111), -1(114), -1(115), -1(116), -1(117), -1(118), -1(120), 
Delta (Iter_46) -> 1(8), 1(13), 1(14), 1(15), 1(20), 1(24), 1(26), 1(28), 1(29), 1(37), 1(40), 1(41), 1(44), -1(47), 1(52), 1(54), 1(56), 1(57), -1(63), 1(68), 1(69), 1(70), 1(72), 1(73), -1(79), 1(82), 1(83), 2(84), 1(85), 1(88), 1(89), -1(94), 1(100), 1(101), 1(104), -1(107), -1(108), -1(110), -1(111), 1(114), 1(115), 1(116), 1(117), -1(123), -1(124), 
Delta (Iter_47) -> -1(8), -1(9), -1(10), -1(11), -1(12), -2(13), -2(14), -3(15), -1(20), -1(21), -1(24), -1(25), -2(26), -1(27), -2(28), -3(29), -3(30), -3(31), -1(37), -1(38), -1(40), -2(41), -1(42), -2(43), -2(44), -2(45), -2(46), -2(47), 1(49), -1(54), -1(56), -1(57), -1(58), -2(59), -2(60), -1(61), -2(62), -1(63), -1(70), -1(72), -1(73), -1(74), -1(75), -1(76), -1(77), -1(78), -1(79), 1(80), -1(84), -1(88), -1(89), -1(91), -1(92), -1(95), 1(97), -1(104), -1(117), -1(125), -1(126), -1(127), 
Delta (Iter_48) -> 1(8), 1(9), 1(10), 2(11), 1(12), 2(13), 3(14), 4(15), 1(20), 1(21), 1(23), 1(24), 1(25), 2(26), 1(27), 2(28), 3(29), 3(30), 3(31), 1(37), 1(38), 1(39), 1(40), 1(41), 1(42), 2(43), 2(44), 2(45), 3(46), 3(47), -1(49), 1(53), 1(54), 1(56), 1(58), 2(59), 2(60), 1(61), 2(62), 2(63), 1(70), 1(72), 1(74), 1(75), 1(76), 1(77), 1(78), 2(79), -1(80), -1(83), 1(86), 1(88), 1(91), 1(92), 1(94), 1(95), -1(96), -1(97), 1(102), 1(104), 1(107), 1(108), 1(111), 1(117), 1(118), -1(122), 1(124), 1(125), 1(126), 1(127), 
Delta (Iter_49) -> 1(7), -1(11), -1(14), -1(15), -1(26), 1(28), 1(36), -1(46), -1(47), 1(55), 1(57), -1(62), -1(63), 1(69), 1(71), 1(73), -1(78), -1(79), 1(83), 1(84), 1(85), 1(87), -1(91), -1(94), 1(96), 1(97), 1(100), 1(101), -1(106), -1(107), -1(111), -1(124), -1(125), -1(126), 
